2.217736816409999900e+001
2.414512973896771100e+001
2.611289131383542300e+001
2.808065288870313500e+001
3.004841446357084300e+001
3.201617603843855900e+001
3.398393761330626700e+001
3.595169918817397600e+001
3.791946076304169100e+001
3.988722233790940700e+001
4.185498391277711500e+001
4.382274548764482300e+001
4.579050706251253200e+001
4.775826863738024700e+001
4.972603021224796300e+001
5.169379178711567100e+001
5.366155336198338000e+001
5.562931493685108800e+001
5.759707651171881100e+001
5.956483808658651900e+001
6.153259966145422800e+001
6.350036123632193600e+001
6.546812281118965900e+001
6.743588438605736700e+001
6.940364596092507600e+001
7.137140753579278400e+001
7.333916911066049200e+001
7.530693068552821500e+001
7.727469226039592300e+001
7.924245383526363200e+001
8.121021541013134000e+001
8.317797698499906300e+001
8.514573855986677100e+001
8.711350013473448000e+001
8.908126170960218800e+001
9.104902328446991100e+001
9.301678485933761900e+001
9.498454643420532800e+001
9.695230800907303600e+001
9.892006958394075900e+001
1.008878311588084700e+002
1.028555927336761800e+002
1.048233543085438800e+002
1.067911158834115900e+002
1.087588774582793100e+002
1.107266390331470200e+002
1.126944006080147300e+002
1.146621621828824400e+002
1.166299237577501500e+002
1.185976853326178700e+002
1.205654469074855800e+002
1.225332084823532900e+002
1.245009700572210000e+002
1.264687316320887200e+002
1.284364932069564100e+002
1.304042547818241400e+002
1.323720163566918300e+002
1.343397779315595500e+002
1.363075395064272800e+002
1.382753010812949700e+002
1.402430626561626900e+002
1.422108242310303900e+002
1.441785858058981100e+002
1.461463473807658300e+002
1.481141089556335300e+002
1.500818705305012500e+002
1.520496321053689400e+002
1.540173936802366700e+002
1.559851552551043600e+002
1.579529168299720800e+002
1.599206784048398000e+002
1.618884399797075000e+002
1.638562015545752200e+002
1.658239631294429200e+002
1.677917247043106400e+002
1.697594862791783600e+002
1.717272478540460600e+002
1.736950094289137800e+002
1.756627710037815000e+002
1.776305325786491900e+002
1.795982941535169200e+002
1.815660557283846100e+002
1.835338173032523300e+002
1.855015788781200600e+002
1.874693404529877500e+002
1.894371020278554700e+002
1.914048636027231700e+002
1.933726251775908900e+002
1.953403867524586100e+002
1.973081483273263100e+002
1.992759099021940300e+002
2.012436714770617200e+002
2.032114330519294500e+002
2.051791946267971700e+002
2.071469562016648600e+002
2.091147177765325900e+002
2.110824793514002800e+002
2.130502409262680000e+002
2.150180025011357300e+002
2.169857640760034200e+002
2.189535256508711400e+002
2.209212872257388700e+002
2.228890488006065600e+002
2.248568103754742800e+002
2.268245719503419800e+002
2.287923335252097000e+002
2.307600951000774200e+002
2.327278566749451200e+002
2.346956182498128400e+002
2.366633798246805300e+002
2.386311413995482600e+002
2.405989029744159800e+002
2.425666645492836700e+002
2.445344261241513900e+002
2.465021876990190900e+002
2.484699492738868100e+002
2.504377108487545300e+002
2.524054724236222300e+002
2.543732339984899500e+002
2.563409955733577000e+002
2.583087571482253700e+002
2.602765187230930900e+002
2.622442802979608100e+002
2.642120418728285400e+002
2.661798034476962600e+002
2.681475650225639200e+002
2.701153265974316500e+002
2.720830881722993700e+002
2.740508497471670900e+002
2.760186113220348100e+002
2.779863728969024800e+002
2.799541344717702000e+002
2.819218960466379300e+002
2.838896576215056500e+002
2.858574191963733700e+002
2.878251807712410900e+002
2.897929423461087600e+002
2.917607039209764800e+002
2.937284654958442000e+002
2.956962270707119300e+002
2.976639886455796500e+002
2.996317502204473200e+002
3.015995117953150400e+002
3.035672733701827600e+002
3.055350349450504800e+002
3.075027965199182100e+002
3.094705580947858700e+002
3.114383196696535900e+002
3.134060812445213200e+002
3.153738428193890400e+002
3.173416043942567600e+002
3.193093659691244900e+002
3.212771275439921500e+002
3.232448891188598700e+002
3.252126506937276000e+002
3.271804122685953200e+002
3.291481738434630400e+002
3.311159354183307100e+002
3.330836969931984300e+002
3.350514585680661500e+002
3.370192201429338800e+002
3.389869817178016000e+002
3.409547432926692600e+002
3.429225048675369900e+002
3.448902664424047100e+002
3.468580280172724300e+002
3.488257895921401500e+002
3.507935511670078200e+002
3.527613127418755400e+002
3.547290743167432700e+002
3.566968358916109900e+002
3.586645974664787100e+002
3.606323590413463800e+002
3.626001206162141000e+002
3.645678821910818200e+002
3.665356437659495400e+002
3.685034053408172700e+002
3.704711669156849300e+002
3.724389284905526600e+002
3.744066900654203800e+002
3.763744516402881000e+002
3.783422132151558200e+002
3.803099747900234900e+002
3.822777363648912100e+002
3.842454979397589300e+002
3.862132595146266600e+002
3.881810210894943800e+002
3.901487826643620500e+002
3.921165442392297700e+002
3.940843058140974900e+002
3.960520673889652100e+002
3.980198289638329400e+002
3.999875905387006000e+002
4.019553521135683200e+002
4.039231136884360500e+002
4.058908752633037700e+002
4.078586368381714900e+002
4.098263984130392100e+002
4.117941599879068800e+002
4.137619215627746000e+002
4.157296831376423300e+002
4.176974447125100500e+002
4.196652062873777700e+002
4.216329678622454400e+002
4.236007294371131600e+002
4.255684910119808800e+002
4.275362525868486000e+002
4.295040141617163300e+002
4.314717757365839900e+002
4.334395373114517200e+002
4.354072988863194400e+002
4.373750604611871600e+002
4.393428220360548800e+002
4.413105836109225500e+002
4.432783451857902700e+002
4.452461067606579900e+002
4.472138683355257200e+002
4.491816299103934400e+002
4.511493914852611100e+002
4.531171530601288300e+002
4.550849146349965500e+002
4.570526762098642700e+002
4.590204377847320000e+002
4.609881993595996600e+002
4.629559609344673800e+002
4.649237225093351100e+002
4.668914840842028300e+002
4.688592456590705500e+002
4.708270072339382200e+002
4.727947688088059400e+002
4.747625303836736600e+002
4.767302919585413900e+002
4.786980535334091100e+002
4.806658151082767700e+002
4.826335766831445000e+002
4.846013382580122200e+002
4.865690998328799400e+002
4.885368614077476600e+002
4.905046229826153900e+002
4.924723845574830500e+002
4.944401461323507800e+002
4.964079077072185000e+002
4.983756692820862200e+002
5.003434308569539400e+002
5.023111924318216100e+002
5.042789540066893300e+002
5.062467155815570500e+002
5.082144771564247800e+002
5.101822387312925000e+002
5.121500003061601100e+002
5.141177618810278300e+002
5.160855234558955500e+002
5.180532850307632800e+002
5.200210466056310000e+002
5.219888081804987200e+002
5.239565697553664400e+002
5.259243313302341700e+002
5.278920929051018900e+002
5.298598544799696100e+002
5.318276160548372200e+002
5.337953776297049400e+002
5.357631392045727800e+002
5.377309007794403900e+002
5.396986623543081100e+002
5.416664239291758300e+002
5.436341855040435600e+002
5.456019470789112800e+002
5.475697086537790000e+002
5.495374702286467300e+002
5.515052318035144500e+002
5.534729933783821700e+002
5.554407549532498900e+002
5.574085165281175000e+002
5.593762781029852200e+002
5.613440396778529500e+002
5.633118012527206700e+002
5.652795628275883900e+002
5.672473244024561200e+002
5.692150859773238400e+002
5.711828475521915600e+002
5.731506091270592800e+002
5.751183707019270100e+002
5.770861322767946100e+002
5.790538938516623400e+002
5.810216554265300600e+002
5.829894170013977800e+002
5.849571785762655100e+002
5.869249401511332300e+002
5.888927017260009500e+002
5.908604633008686700e+002
5.928282248757364000e+002
5.947959864506041200e+002
5.967637480254717300e+002
5.987315096003394500e+002
6.006992711752071700e+002
6.026670327500749000e+002
6.046347943249426200e+002
6.066025558998103400e+002
6.085703174746780600e+002
6.105380790495457900e+002
6.125058406244135100e+002
6.144736021992812300e+002
6.164413637741489500e+002
6.184091253490165600e+002
6.203768869238842900e+002
6.223446484987520100e+002
6.243124100736197300e+002
6.262801716484874500e+002
6.282479332233551800e+002
6.302156947982229000e+002
6.321834563730906200e+002
6.341512179479583400e+002
6.361189795228260700e+002
6.380867410976936800e+002
6.400545026725614000e+002
6.420222642474291200e+002
6.439900258222968400e+002
6.459577873971645700e+002
6.479255489720322900e+002
6.498933105469000100e+002
