1.500000000000000000e+001
1.631799163179916300e+001
1.763598326359832700e+001
1.895397489539749000e+001
2.027196652719665300e+001
2.158995815899581700e+001
2.290794979079498000e+001
2.422594142259414000e+001
2.554393305439330700e+001
2.686192468619246700e+001
2.817991631799163300e+001
2.949790794979079300e+001
3.081589958158995700e+001
3.213389121338912000e+001
3.345188284518828000e+001
3.476987447698744700e+001
3.608786610878661300e+001
3.740585774058577300e+001
3.872384937238493300e+001
4.004184100418410000e+001
4.135983263598326700e+001
4.267782426778242700e+001
4.399581589958158600e+001
4.531380753138075300e+001
4.663179916317991300e+001
4.794979079497908000e+001
4.926778242677824000e+001
5.058577405857740700e+001
5.190376569037656700e+001
5.322175732217573300e+001
5.453974895397489300e+001
5.585774058577406000e+001
5.717573221757322000e+001
5.849372384937238000e+001
5.981171548117154700e+001
6.112970711297070600e+001
6.244769874476987300e+001
6.376569037656903300e+001
6.508368200836820000e+001
6.640167364016736000e+001
6.771966527196653400e+001
6.903765690376567900e+001
7.035564853556485300e+001
7.167364016736401300e+001
7.299163179916317300e+001
7.430962343096234700e+001
7.562761506276150700e+001
7.694560669456066600e+001
7.826359832635982600e+001
7.958158995815898600e+001
8.089958158995816000e+001
8.221757322175732000e+001
8.353556485355648000e+001
8.485355648535563900e+001
8.617154811715481300e+001
8.748953974895397300e+001
8.880753138075313300e+001
9.012552301255229300e+001
9.144351464435146700e+001
9.276150627615062700e+001
9.407949790794978600e+001
9.539748953974894600e+001
9.671548117154812000e+001
9.803347280334728000e+001
9.935146443514644000e+001
1.006694560669456000e+002
1.019874476987447600e+002
1.033054393305439300e+002
1.046234309623430900e+002
1.059414225941422500e+002
1.072594142259414100e+002
1.085774058577405900e+002
1.098953974895397500e+002
1.112133891213389100e+002
1.125313807531380700e+002
1.138493723849372400e+002
1.151673640167364000e+002
1.164853556485355600e+002
1.178033472803347200e+002
1.191213389121338900e+002
1.204393305439330500e+002
1.217573221757322100e+002
1.230753138075313700e+002
1.243933054393305300e+002
1.257112970711297100e+002
1.270292887029288700e+002
1.283472803347280300e+002
1.296652719665272000e+002
1.309832635983263500e+002
1.323012552301255200e+002
1.336192468619246900e+002
1.349372384937238400e+002
1.362552301255230100e+002
1.375732217573221900e+002
1.388912133891213300e+002
1.402092050209204800e+002
1.415271966527196500e+002
1.428451882845188300e+002
1.441631799163179700e+002
1.454811715481171500e+002
1.467991631799163200e+002
1.481171548117154700e+002
1.494351464435146400e+002
1.507531380753138100e+002
1.520711297071129600e+002
1.533891213389121300e+002
1.547071129707112800e+002
1.560251046025104500e+002
1.573430962343096300e+002
1.586610878661087700e+002
1.599790794979079500e+002
1.612970711297071200e+002
1.626150627615062700e+002
1.639330543933054400e+002
1.652510460251045900e+002
1.665690376569037600e+002
1.678870292887029300e+002
1.692050209205020800e+002
1.705230125523012500e+002
1.718410041841004000e+002
1.731589958158995700e+002
1.744769874476987500e+002
1.757949790794978900e+002
1.771129707112970700e+002
1.784309623430962400e+002
1.797489539748953900e+002
1.810669456066945600e+002
1.823849372384937100e+002
1.837029288702928800e+002
1.850209205020920500e+002
1.863389121338912000e+002
1.876569037656903700e+002
1.889748953974895200e+002
1.902928870292886900e+002
1.916108786610878700e+002
1.929288702928870100e+002
1.942468619246861900e+002
1.955648535564853600e+002
1.968828451882845100e+002
1.982008368200836800e+002
1.995188284518828300e+002
2.008368200836820000e+002
2.021548117154811700e+002
2.034728033472803200e+002
2.047907949790794900e+002
2.061087866108786400e+002
2.074267782426778100e+002
2.087447698744769900e+002
2.100627615062761300e+002
2.113807531380753100e+002
2.126987447698744800e+002
2.140167364016736300e+002
2.153347280334728000e+002
2.166527196652719500e+002
2.179707112970711200e+002
2.192887029288702900e+002
2.206066945606694400e+002
2.219246861924686100e+002
2.232426778242677900e+002
2.245606694560669300e+002
2.258786610878661100e+002
2.271966527196652500e+002
2.285146443514644300e+002
2.298326359832636000e+002
2.311506276150627500e+002
2.324686192468619200e+002
2.337866108786610700e+002
2.351046025104602400e+002
2.364225941422594100e+002
2.377405857740585600e+002
2.390585774058577300e+002
2.403765690376569100e+002
2.416945606694560500e+002
2.430125523012552300e+002
2.443305439330543700e+002
2.456485355648535500e+002
2.469665271966527200e+002
2.482845188284518700e+002
2.496025104602510400e+002
2.509205020920501900e+002
2.522384937238493600e+002
2.535564853556485300e+002
2.548744769874476800e+002
2.561924686192468200e+002
2.575104602510460300e+002
2.588284518828451700e+002
2.601464435146443700e+002
2.614644351464435200e+002
2.627824267782426700e+002
2.641004184100418100e+002
2.654184100418409600e+002
2.667364016736401600e+002
2.680543933054393100e+002
2.693723849372385100e+002
2.706903765690376500e+002
2.720083682008368000e+002
2.733263598326359400e+002
2.746443514644351500e+002
2.759623430962342900e+002
2.772803347280334400e+002
2.785983263598326400e+002
2.799163179916317900e+002
2.812343096234309300e+002
2.825523012552301300e+002
2.838702928870292800e+002
2.851882845188284300e+002
2.865062761506276300e+002
2.878242677824267700e+002
2.891422594142259200e+002
2.904602510460250600e+002
2.917782426778242700e+002
2.930962343096234100e+002
2.944142259414225600e+002
2.957322175732217600e+002
2.970502092050209100e+002
2.983682008368200500e+002
2.996861924686192500e+002
3.010041841004184000e+002
3.023221757322175400e+002
3.036401673640167500e+002
3.049581589958158900e+002
3.062761506276150400e+002
3.075941422594142400e+002
3.089121338912133900e+002
3.102301255230125300e+002
3.115481171548116800e+002
3.128661087866108800e+002
3.141841004184100300e+002
3.155020920502091700e+002
3.168200836820083700e+002
3.181380753138075200e+002
3.194560669456066600e+002
3.207740585774058700e+002
3.220920502092050100e+002
3.234100418410041600e+002
3.247280334728033600e+002
3.260460251046025100e+002
3.273640167364016500e+002
3.286820083682008000e+002
3.300000000000000000e+002
